[theta , r]
14.981 2.00679
14.9623 2.01344
14.944 2.01996
14.9261 2.02633
14.9086 2.03256
14.8916 2.03863
14.875 2.04454
14.8589 2.05029
14.8432 2.05587
14.828 2.06129
14.8133 2.06653
14.7991 2.07159
14.7854 2.07648
14.7722 2.08118
14.7595 2.0857
14.7474 2.09003
14.7357 2.09418
14.7246 2.09813
14.7141 2.1019
14.704 2.10547
14.6945 2.10885
14.6856 2.11204
14.6772 2.11504
14.6693 2.11784
14.662 2.12045
14.6552 2.12286
14.649 2.12508
14.6433 2.12712
14.6381 2.12896
14.6335 2.13061
14.6294 2.13208
14.6258 2.13336
14.6227 2.13445
14.6202 2.13537
14.6181 2.1361
14.6165 2.13666
14.6155 2.13704
14.6149 2.13725
14.6147 2.13729
14.6151 2.13717
14.6159 2.13688
14.6171 2.13644
14.6188 2.13583
14.621 2.13508
14.6235 2.13418
14.6264 2.13313
14.6298 2.13194
14.6335 2.13062
14.6376 2.12916
14.642 2.12757
14.6468 2.12586
14.652 2.12403
14.6574 2.12208
14.6632 2.12003
14.6693 2.11786
14.6756 2.1156
14.6822 2.11324
14.6891 2.11078
14.6963 2.10824
14.7036 2.10561
14.7112 2.1029
14.719 2.10012
14.727 2.09728
14.7352 2.09436
14.7436 2.09139
14.7521 2.08836
14.7607 2.08528
14.7695 2.08215
14.7784 2.07899
14.7873 2.07578
14.7964 2.07255
14.8056 2.06928
14.8148 2.066
14.8241 2.06269
14.8334 2.05937
14.8427 2.05604
14.8521 2.0527
14.8615 2.04937
14.8708 2.04603
14.8802 2.0427
14.8895 2.03938
14.8988 2.03607
14.908 2.03278
14.9172 2.02951
14.9263 2.02627
14.9353 2.02305
14.9443 2.01986
14.9531 2.01671
14.9618 2.0136
14.9705 2.01053
14.9789 2.0075
14.9873 2.00452
14.9955 2.00159
15.0036 1.99871
15.0115 1.99588
15.0193 1.99312
15.0269 1.99041
15.0343 1.98776
15.0416 1.98517
15.0487 1.98266
15.0556 1.9802
15.0622 1.97782
15.0687 1.97551
15.075 1.97327
15.0811 1.9711
15.087 1.96901
15.0926 1.96699
15.0981 1.96505
15.1033 1.96319
15.1083 1.9614
15.1131 1.9597
15.1177 1.95807
15.122 1.95653
15.1261 1.95506
15.13 1.95368
15.1336 1.95238
15.1371 1.95116
15.1403 1.95002
15.1432 1.94896
15.146 1.94798
15.1485 1.94708
15.1508 1.94627
15.1528 1.94553
15.1547 1.94487
15.1563 1.94429
15.1577 1.94379
15.1589 1.94336
15.1599 1.94301
15.1607 1.94274
15.1612 1.94254
15.1616 1.94241
15.1618 1.94235
15.1617 1.94237
15.1615 1.94245
15.1611 1.9426
15.1605 1.94282
15.1597 1.9431
15.1587 1.94344
15.1576 1.94385
15.1563 1.94432
15.1548 1.94484
15.1531 1.94542
15.1514 1.94606
15.1494 1.94675
15.1473 1.94749
15.1451 1.94828
15.1428 1.94912
15.1403 1.95
15.1377 1.95093
15.135 1.9519
15.1321 1.95291
15.1292 1.95396
15.1261 1.95504
15.123 1.95616
15.1198 1.95731
15.1165 1.95849
15.1131 1.9597
15.1096 1.96094
15.1061 1.9622
15.1025 1.96348
15.0988 1.96478
15.0951 1.9661
15.0914 1.96744
15.0876 1.96879
15.0838 1.97015
15.0799 1.97153
15.076 1.97291
15.0721 1.9743
15.0682 1.9757
15.0643 1.9771
15.0603 1.9785
15.0564 1.9799
15.0525 1.9813
15.0485 1.9827
15.0446 1.98409
15.0408 1.98548
15.0369 1.98686
15.033 1.98822
15.0292 1.98958
15.0255 1.99093
15.0217 1.99226
15.018 1.99357
15.0144 1.99487
15.0108 1.99615
15.0073 1.99742
15.0038 1.99866
15.0003 1.99988
14.997 2.00108
14.9937 2.00225
14.9904 2.00341
14.9873 2.00453
14.9842 2.00563
14.9812 2.0067
14.9783 2.00775
14.9754 2.00877
14.9726 2.00975
14.9699 2.01071
14.9673 2.01164
14.9648 2.01253
14.9624 2.0134
14.9601 2.01423
14.9578 2.01503
14.9557 2.0158
14.9536 2.01653
14.9516 2.01723
14.9498 2.0179
14.948 2.01853
14.9463 2.01913
14.9447 2.0197
14.9432 2.02023
14.9418 2.02073
14.9405 2.02119
14.9393 2.02162
14.9382 2.02202
14.9372 2.02238
14.9363 2.02271
14.9355 2.023
14.9347 2.02326
14.9341 2.02349
14.9335 2.02369
14.9331 2.02385
14.9327 2.02398
14.9324 2.02409
14.9322 2.02416
14.9321 2.0242
14.9321 2.02421
14.9321 2.02419
14.9323 2.02414
14.9325 2.02406
14.9328 2.02396
14.9331 2.02383
14.9336 2.02367
14.9341 2.02349
14.9347 2.02328
14.9353 2.02305
14.936 2.0228
14.9368 2.02252
14.9376 2.02222
14.9385 2.0219
14.9395 2.02156
14.9405 2.0212
14.9416 2.02082
14.9427 2.02042
14.9439 2.02001
14.9451 2.01958
14.9463 2.01913
14.9476 2.01867
14.949 2.01819
14.9503 2.0177
14.9517 2.0172
14.9532 2.01669
14.9546 2.01617
14.9561 2.01563
14.9577 2.01509
14.9592 2.01454
14.9608 2.01398
14.9623 2.01342
14.9639 2.01285
14.9656 2.01227
14.9672 2.01169
14.9688 2.01111
14.9705 2.01053
14.9721 2.00994
14.9738 2.00935
14.9754 2.00876
14.9771 2.00817
14.9787 2.00759
14.9804 2.007
14.982 2.00642
14.9836 2.00584
14.9852 2.00526
14.9868 2.00469
14.9884 2.00412
14.99 2.00356
14.9916 2.003
14.9931 2.00245
14.9946 2.00191
14.9961 2.00138
14.9976 2.00085
14.9991 2.00033
15.0005 1.99982
15.0019 1.99932
15.0033 1.99883
15.0046 1.99836
15.0059 1.99789
15.0072 1.99743
15.0085 1.99699
15.0097 1.99655
15.0109 1.99613
15.012 1.99572
15.0131 1.99533
15.0142 1.99494
15.0152 1.99457
15.0162 1.99421
15.0172 1.99387
15.0181 1.99354
15.019 1.99323
15.0199 1.99292
15.0207 1.99264
15.0214 1.99236
15.0222 1.9921
15.0228 1.99186
15.0235 1.99163
15.0241 1.99141
15.0247 1.99121
15.0252 1.99102
15.0257 1.99085
15.0261 1.99069
15.0265 1.99054
15.0269 1.99041
15.0272 1.99029
15.0275 1.99019
15.0278 1.9901
15.028 1.99002
15.0282 1.98996
15.0283 1.98991
15.0284 1.98987
15.0285 1.98985
15.0285 1.98984
15.0285 1.98984
15.0285 1.98985
15.0284 1.98988
15.0283 1.98991
15.0282 1.98996
15.028 1.99002
15.0278 1.99009
15.0276 1.99017
15.0273 1.99027
15.027 1.99037
15.0267 1.99048
15.0264 1.9906
15.026 1.99073
15.0256 1.99087
15.0252 1.99101
15.0248 1.99117
15.0243 1.99133
15.0238 1.9915
15.0233 1.99168
15.0228 1.99186
15.0223 1.99205
15.0217 1.99225
15.0212 1.99245
15.0206 1.99266
15.02 1.99287
15.0194 1.99309
15.0188 1.99331
15.0181 1.99354
15.0175 1.99377
15.0168 1.994
15.0162 1.99424
15.0155 1.99447
15.0148 1.99471
15.0142 1.99496
15.0135 1.9952
15.0128 1.99544
15.0121 1.99569
15.0114 1.99594
15.0107 1.99618
15.01 1.99643
15.0093 1.99668
15.0086 1.99693
15.0079 1.99717
15.0073 1.99742
15.0066 1.99766
15.0059 1.9979
15.0052 1.99814
15.0046 1.99838
15.0039 1.99861
15.0032 1.99884
15.0026 1.99907
15.002 1.9993
15.0013 1.99952
15.0007 1.99974
15.0001 1.99996
14.9995 2.00017
14.9989 2.00038
14.9984 2.00058
14.9978 2.00078
14.9973 2.00097
14.9967 2.00116
14.9962 2.00135
14.9957 2.00153
14.9952 2.0017
14.9947 2.00187
14.9943 2.00204
14.9938 2.00219
14.9934 2.00235
14.993 2.00249
14.9926 2.00264
14.9922 2.00277
14.9919 2.0029
14.9915 2.00303
14.9912 2.00314
14.9909 2.00326
14.9906 2.00336
14.9903 2.00346
14.99 2.00356
14.9898 2.00365
14.9895 2.00373
14.9893 2.0038
14.9891 2.00387
14.9889 2.00394
14.9888 2.004
14.9886 2.00405
14.9885 2.0041
14.9884 2.00414
14.9883 2.00417
14.9882 2.0042
14.9881 2.00423
14.9881 2.00424
14.9881 2.00426
14.988 2.00427
14.988 2.00427
14.988 2.00426
14.9881 2.00426
14.9881 2.00424
14.9881 2.00423
14.9882 2.0042
14.9883 2.00418
14.9884 2.00415
14.9885 2.00411
14.9886 2.00407
14.9887 2.00402
14.9888 2.00398
14.989 2.00392
14.9891 2.00387
14.9893 2.00381
14.9895 2.00374
14.9897 2.00368
14.9899 2.00361
14.9901 2.00353
14.9903 2.00346
14.9905 2.00338
14.9907 2.0033
14.991 2.00322
14.9912 2.00313
14.9915 2.00304
14.9917 2.00295
14.992 2.00286
14.9922 2.00277
14.9925 2.00267
14.9928 2.00257
14.9931 2.00248
14.9933 2.00238
14.9936 2.00228
14.9939 2.00217
14.9942 2.00207
14.9945 2.00197
14.9948 2.00187
14.9951 2.00176
14.9953 2.00166
14.9956 2.00156
14.9959 2.00145
14.9962 2.00135
14.9965 2.00124
14.9968 2.00114
14.9971 2.00104
14.9974 2.00094
14.9977 2.00084
14.9979 2.00074
14.9982 2.00064
14.9985 2.00054
14.9988 2.00044
14.999 2.00035
14.9993 2.00025
14.9996 2.00016
14.9998 2.00007
15.0001 1.99998
15.0003 1.99989
15.0006 1.9998
15.0008 1.99972
15.001 1.99964
15.0012 1.99956
15.0015 1.99948
15.0017 1.9994
15.0019 1.99933
15.0021 1.99925
15.0023 1.99918
15.0025 1.99911
15.0027 1.99905
15.0028 1.99899
15.003 1.99893
15.0032 1.99887
15.0033 1.99881
15.0035 1.99876
15.0036 1.99871
15.0038 1.99866
15.0039 1.99861
15.004 1.99857
15.0041 1.99853
15.0042 1.99849
15.0043 1.99845
15.0044 1.99842
15.0045 1.99839
15.0046 1.99836
15.0047 1.99833
15.0047 1.99831
15.0048 1.99829
15.0048 1.99827
15.0049 1.99826
15.0049 1.99824
15.005 1.99823
15.005 1.99822
15.005 1.99821
15.005 1.99821
15.005 1.99821
15.005 1.99821
15.005 1.99821
15.005 1.99821
15.005 1.99822
15.005 1.99823
15.0049 1.99824
15.0049 1.99825
15.0049 1.99827
15.0048 1.99828
15.0048 1.9983
15.0047 1.99832
15.0047 1.99834
15.0046 1.99836
15.0045 1.99839
15.0045 1.99841
15.0044 1.99844
15.0043 1.99847
15.0042 1.9985
15.0041 1.99853
15.004 1.99856
15.0039 1.9986
15.0038 1.99863
15.0037 1.99867
15.0036 1.9987
15.0035 1.99874
15.0034 1.99878
15.0033 1.99882
15.0032 1.99886
15.0031 1.9989
15.003 1.99894
15.0029 1.99898
15.0027 1.99902
15.0026 1.99906
15.0025 1.99911
15.0024 1.99915
15.0023 1.99919
15.0021 1.99924
15.002 1.99928
15.0019 1.99932
15.0018 1.99937
15.0017 1.99941
15.0015 1.99945
15.0014 1.9995
15.0013 1.99954
15.0012 1.99958
15.0011 1.99963
15.0009 1.99967
15.0008 1.99971
15.0007 1.99975
15.0006 1.99979
15.0005 1.99983
15.0004 1.99987
15.0002 1.99991
15.0001 1.99995
15 1.99999
14.9999 2.00003
14.9998 2.00006
14.9997 2.0001
14.9996 2.00013
14.9995 2.00017
14.9994 2.0002
14.9993 2.00023
14.9993 2.00027
14.9992 2.0003
14.9991 2.00033
14.999 2.00036
14.9989 2.00038
14.9988 2.00041
14.9988 2.00044
14.9987 2.00046
14.9986 2.00049
14.9986 2.00051
14.9985 2.00053
14.9984 2.00055
14.9984 2.00057
14.9983 2.00059
14.9983 2.00061
14.9982 2.00063
14.9982 2.00064
14.9982 2.00066
14.9981 2.00067
14.9981 2.00068
14.9981 2.00069
14.998 2.0007
14.998 2.00071
14.998 2.00072
14.998 2.00073
14.9979 2.00074
14.9979 2.00074
14.9979 2.00074
14.9979 2.00075
14.9979 2.00075
14.9979 2.00075
14.9979 2.00075
14.9979 2.00075
14.9979 2.00075
14.9979 2.00075
14.9979 2.00075
14.9979 2.00074
14.9979 2.00074
14.9979 2.00073
14.998 2.00073
14.998 2.00072
14.998 2.00071
14.998 2.0007
14.9981 2.00069
14.9981 2.00068
14.9981 2.00067
14.9981 2.00066
14.9982 2.00065
14.9982 2.00064
14.9982 2.00062
14.9983 2.00061
14.9983 2.0006
14.9984 2.00058
14.9984 2.00057
14.9984 2.00055
14.9985 2.00054
14.9985 2.00052
14.9986 2.00051
14.9986 2.00049
14.9987 2.00047
14.9987 2.00046
14.9988 2.00044
14.9988 2.00042
14.9989 2.0004
14.9989 2.00039
14.999 2.00037
14.999 2.00035
14.9991 2.00033
14.9991 2.00031
14.9992 2.00029
14.9992 2.00028
14.9993 2.00026
14.9993 2.00024
14.9994 2.00022
14.9994 2.0002
14.9995 2.00019
14.9995 2.00017
14.9996 2.00015
14.9996 2.00013
14.9997 2.00011
14.9997 2.0001
14.9998 2.00008
14.9998 2.00006
14.9999 2.00005
14.9999 2.00003
15 2.00001
15 2
15.0001 1.99998
15.0001 1.99997
15.0001 1.99995
15.0002 1.99994
15.0002 1.99992
15.0003 1.99991
15.0003 1.9999
15.0003 1.99988
15.0004 1.99987
15.0004 1.99986
15.0004 1.99985
15.0005 1.99983
15.0005 1.99982
15.0005 1.99981
15.0006 1.9998
15.0006 1.99979
15.0006 1.99978
15.0006 1.99977
15.0007 1.99976
15.0007 1.99976
15.0007 1.99975
15.0007 1.99974
15.0007 1.99973
15.0008 1.99973
15.0008 1.99972
15.0008 1.99972
15.0008 1.99971
15.0008 1.99971
15.0008 1.9997
15.0008 1.9997
15.0009 1.9997
15.0009 1.99969
15.0009 1.99969
15.0009 1.99969
15.0009 1.99969
15.0009 1.99969
15.0009 1.99968
15.0009 1.99968
15.0009 1.99968
15.0009 1.99968
15.0009 1.99969
15.0009 1.99969
15.0009 1.99969
15.0009 1.99969
15.0009 1.99969
15.0009 1.99969
15.0009 1.9997
15.0008 1.9997
15.0008 1.9997
15.0008 1.99971
15.0008 1.99971
15.0008 1.99972
15.0008 1.99972
15.0008 1.99972
15.0008 1.99973
15.0007 1.99973
15.0007 1.99974
15.0007 1.99975
15.0007 1.99975
15.0007 1.99976
15.0007 1.99976
15.0006 1.99977
15.0006 1.99978
15.0006 1.99978
15.0006 1.99979
15.0006 1.9998
15.0005 1.9998
15.0005 1.99981
15.0005 1.99982
15.0005 1.99983
15.0005 1.99983
15.0004 1.99984
15.0004 1.99985
15.0004 1.99986
15.0004 1.99986
15.0004 1.99987
15.0003 1.99988
15.0003 1.99989
15.0003 1.9999
15.0003 1.9999
15.0003 1.99991
15.0002 1.99992
15.0002 1.99993
15.0002 1.99993
15.0002 1.99994
15.0001 1.99995
15.0001 1.99996
15.0001 1.99996
15.0001 1.99997
15.0001 1.99998
15 1.99998
15 1.99999
15 2
15 2
15 2.00001
15 2.00002
14.9999 2.00002
14.9999 2.00003
14.9999 2.00004
14.9999 2.00004
14.9999 2.00005
14.9999 2.00005
14.9998 2.00006
14.9998 2.00006
14.9998 2.00007
14.9998 2.00007
14.9998 2.00008
14.9998 2.00008
14.9998 2.00009
14.9997 2.00009
14.9997 2.00009
14.9997 2.0001
14.9997 2.0001
14.9997 2.0001
14.9997 2.00011
14.9997 2.00011
14.9997 2.00011
14.9997 2.00012
14.9997 2.00012
14.9997 2.00012
14.9997 2.00012
14.9997 2.00012
14.9996 2.00013
14.9996 2.00013
14.9996 2.00013
14.9996 2.00013
14.9996 2.00013
14.9996 2.00013
14.9996 2.00013
14.9996 2.00013
14.9996 2.00013
14.9996 2.00013
14.9996 2.00013
14.9996 2.00013
14.9996 2.00013
14.9996 2.00013
14.9996 2.00013
14.9996 2.00013
14.9996 2.00013
14.9996 2.00013
14.9996 2.00013
14.9996 2.00013
14.9997 2.00012
14.9997 2.00012
14.9997 2.00012
14.9997 2.00012
14.9997 2.00012
14.9997 2.00011
14.9997 2.00011
14.9997 2.00011
14.9997 2.00011
14.9997 2.00011
14.9997 2.0001
14.9997 2.0001
14.9997 2.0001
14.9997 2.0001
14.9997 2.00009
14.9997 2.00009
14.9998 2.00009
14.9998 2.00008
14.9998 2.00008
14.9998 2.00008
14.9998 2.00007
14.9998 2.00007
14.9998 2.00007
14.9998 2.00007
14.9998 2.00006
14.9998 2.00006
14.9998 2.00006
14.9999 2.00005
14.9999 2.00005
14.9999 2.00005
14.9999 2.00004
14.9999 2.00004
14.9999 2.00004
14.9999 2.00003
14.9999 2.00003
14.9999 2.00003
14.9999 2.00002
14.9999 2.00002
15 2.00002
15 2.00001
15 2.00001
15 2.00001
15 2.00001
15 2
15 2
15 2
15 1.99999
15 1.99999
15 1.99999
15 1.99999
15 1.99998
15.0001 1.99998
15.0001 1.99998
15.0001 1.99998
15.0001 1.99998
15.0001 1.99997
15.0001 1.99997
15.0001 1.99997
15.0001 1.99997
15.0001 1.99997
15.0001 1.99996
15.0001 1.99996
15.0001 1.99996
15.0001 1.99996
15.0001 1.99996
15.0001 1.99996
15.0001 1.99995
15.0001 1.99995
15.0001 1.99995
15.0001 1.99995
15.0001 1.99995
15.0001 1.99995
15.0001 1.99995
15.0001 1.99995
15.0001 1.99995
15.0002 1.99995
15.0002 1.99995
15.0002 1.99995
15.0002 1.99995
15.0002 1.99994
15.0002 1.99994
15.0002 1.99994
15.0002 1.99994
15.0002 1.99994
15.0002 1.99994
15.0002 1.99994
15.0002 1.99994
15.0002 1.99994
15.0002 1.99995
15.0002 1.99995
15.0002 1.99995
15.0002 1.99995
15.0001 1.99995
15.0001 1.99995
15.0001 1.99995
15.0001 1.99995
15.0001 1.99995
15.0001 1.99995
15.0001 1.99995
15.0001 1.99995
15.0001 1.99995
15.0001 1.99995
15.0001 1.99996
15.0001 1.99996
15.0001 1.99996
15.0001 1.99996
15.0001 1.99996
15.0001 1.99996
15.0001 1.99996
15.0001 1.99996
15.0001 1.99996
15.0001 1.99997
15.0001 1.99997
15.0001 1.99997
15.0001 1.99997
15.0001 1.99997
15.0001 1.99997
15.0001 1.99997
15.0001 1.99997
15.0001 1.99998
15.0001 1.99998
15.0001 1.99998
15.0001 1.99998
15.0001 1.99998
15 1.99998
15 1.99998
15 1.99999
15 1.99999
15 1.99999
15 1.99999
15 1.99999
15 1.99999
15 1.99999
15 1.99999
15 2
15 2
15 2
15 2
15 2
15 2
15 2
15 2
15 2.00001
15 2.00001
15 2.00001
15 2.00001
15 2.00001
15 2.00001
15 2.00001
15 2.00001
15 2.00001
15 2.00001
15 2.00001
15 2.00001
15 2.00002
15 2.00002
15 2.00002
15 2.00002
14.9999 2.00002
14.9999 2.00002
14.9999 2.00002
14.9999 2.00002
14.9999 2.00002
14.9999 2.00002
14.9999 2.00002
14.9999 2.00002
14.9999 2.00002
14.9999 2.00002
14.9999 2.00002
14.9999 2.00002
14.9999 2.00002
14.9999 2.00002
14.9999 2.00002
14.9999 2.00002
14.9999 2.00002
14.9999 2.00002
14.9999 2.00002
14.9999 2.00002
14.9999 2.00002
14.9999 2.00002
14.9999 2.00002
14.9999 2.00002
14.9999 2.00002
14.9999 2.00002
14.9999 2.00002
14.9999 2.00002
14.9999 2.00002
14.9999 2.00002
14.9999 2.00002
14.9999 2.00002
14.9999 2.00002
14.9999 2.00002
14.9999 2.00002
14.9999 2.00002
14.9999 2.00002
14.9999 2.00002
14.9999 2.00002
14.9999 2.00002
15 2.00002
15 2.00002
15 2.00002
15 2.00002
15 2.00002
